ID	SNP_01	SNP_02	SNP_03	SNP_04	SNP_05	SNP_06	SNP_07	SNP_08	SNP_09	SNP_10	SNP_11	SNP_12	SNP_13	SNP_14	SNP_15	SNP_16	SNP_17	SNP_18	SNP_19	SNP_20
DEMO001	0	1	0	1	1	1	1	1	0	1	0	1	1	1	0	0	0	2	0	2
DEMO002	0	1	1	1	1	1	0	1	0	0	0	1	1	2	0	0	1	1	1	0
DEMO003	0	1	0	2	1	0	2	0	0	0	1	1	0	1	0	0	0	0	0	1
DEMO004	0	1	1	0	0	0	0	1	0	0	0	1	1	2	0	1	0	2	1	0
DEMO005	0	0	0	2	0	0	0	1	0	0	1	1	1	0	1	1	1	0	1	1
DEMO006	0	0	0	1	1	1	2	0	1	0	0	0	1	0	0	1	0	0	0	1
DEMO007	1	0	0	0	1	1	1	0	1	0	1	0	0	0	0	0	1	0	1	0
DEMO008	1	0	0	1	1	1	2	0	0	1	1	0	1	1	0	0	1	0	0	1
DEMO009	0	0	0	1	2	1	0	0	0	1	1	2	1	0	0	0	0	1	0	0
DEMO010	1	0	0	0	0	1	1	1	1	1	0	0	0	0	0	0	0	0	0	0
DEMO011	0	0	0	0	1	0	1	0	0	0	1	1	0	1	2	1	0	1	0	1
DEMO012	0	0	1	1	0	1	0	0	1	0	0	0	0	2	0	1	0	1	0	1
DEMO013	0	1	0	1	0	0	1	0	0	0	0	1	0	2	2	0	0	0	1	1
DEMO014	0	1	0	1	1	1	2	0	0	1	1	1	1	1	0	0	0	0	2	0
DEMO015	0	0	1	1	0	0	0	0	1	0	0	0	0	1	1	1	1	0	0	0
DEMO016	0	1	0	1	0	2	0	0	0	0	0	0	0	0	0	0	0	1	2	1
DEMO017	0	1	0	0	1	1	1	0	0	0	0	0	1	0	0	1	0	1	1	0
DEMO018	1	0	1	1	1	0	2	0	0	0	0	1	1	1	1	0	1	1	2	1
DEMO019	1	0	1	0	0	0	1	0	0	0	1	0	1	0	1	0	0	1	1	1
DEMO020	0	0	0	2	0	2	1	0	0	1	1	1	1	1	0	1	0	1	0	0
DEMO021	0	1	0	1	1	2	1	0	2	1	2	1	1	1	0	0	0	0	0	1
DEMO022	2	0	0	0	1	0	0	0	0	0	0	0	2	2	0	0	0	0	1	1
DEMO023	0	1	1	2	0	0	0	0	2	0	0	1	1	2	0	1	0	0	1	1
DEMO024	1	1	0	0	0	1	0	1	0	0	0	1	2	0	0	0	0	0	1	1
DEMO025	1	0	0	1	0	1	0	0	1	0	1	0	0	1	0	1	0	1	1	0
DEMO026	0	0	0	1	1	1	0	0	1	0	1	0	1	1	0	1	1	1	0	1
DEMO027	0	1	0	2	0	0	1	0	0	0	1	1	1	0	1	0	1	1	1	1
DEMO028	0	1	2	2	0	2	1	0	0	1	0	0	0	0	0	0	0	1	0	1
DEMO029	0	1	1	1	1	1	1	0	1	1	1	0	0	1	1	0	0	1	1	0
DEMO030	0	1	0	0	0	0	2	0	2	0	0	1	0	1	0	0	2	1	1	1
DEMO031	0	0	1	1	1	0	2	0	0	1	0	1	1	1	0	0	0	0	0	0
DEMO032	0	0	0	0	1	1	0	0	0	0	0	2	1	1	1	1	0	1	0	1
DEMO033	0	0	0	1	1	1	1	1	0	1	1	1	1	1	1	0	0	1	0	0
DEMO034	0	0	0	1	0	0	1	0	0	0	0	1	1	1	1	0	0	2	1	2
DEMO035	0	0	1	0	1	1	1	0	0	0	0	2	0	0	0	0	0	1	1	1
DEMO036	0	0	1	1	0	1	0	0	0	0	1	1	2	0	0	0	0	0	0	1
DEMO037	0	0	1	0	0	2	0	0	0	1	1	0	1	1	0	0	1	0	1	0
DEMO038	0	1	1	1	0	1	1	0	0	1	0	2	0	0	0	1	0	1	0	1
DEMO039	0	0	1	2	1	1	0	0	1	1	0	1	1	1	1	0	0	0	0	0
DEMO040	0	0	0	0	1	1	1	1	0	0	0	1	1	1	0	1	0	0	0	1
DEMO041	0	1	0	0	0	0	1	0	0	0	0	1	0	0	0	1	1	0	1	1
DEMO042	0	0	0	1	1	2	1	0	1	1	0	1	1	1	0	0	0	1	0	0
DEMO043	0	0	0	2	1	2	1	0	0	0	1	1	2	2	0	0	1	0	1	0
DEMO044	0	0	0	0	0	0	0	0	1	0	0	2	0	2	0	1	1	0	1	0
DEMO045	1	1	0	1	1	0	1	0	1	0	0	2	0	1	0	0	0	1	1	1
DEMO046	0	1	2	1	0	0	2	1	0	0	1	1	1	1	0	1	0	1	0	0
DEMO047	0	0	1	1	0	1	1	0	0	0	1	1	1	1	1	0	0	0	1	2
DEMO048	0	0	1	1	0	1	1	0	0	1	0	1	1	0	0	0	1	0	1	1
DEMO049	0	0	1	1	0	1	1	0	1	0	0	2	1	0	0	1	0	1	1	1
DEMO050	0	1	1	0	0	1	0	0	1	0	0	1	1	0	1	0	2	0	0	0
DEMO051	0	0	0	1	0	1	2	0	1	0	1	0	1	1	0	0	1	1	0	2
DEMO052	0	0	0	0	0	0	1	0	0	1	1	2	1	0	0	0	0	0	1	1
DEMO053	0	1	1	1	1	0	0	0	0	1	0	0	0	1	0	1	1	0	1	0
DEMO054	0	0	1	0	0	1	0	0	0	0	0	0	2	1	1	0	2	0	0	0
DEMO055	0	0	1	1	0	1	1	1	1	0	0	0	1	1	0	0	0	1	2	0
DEMO056	0	0	0	1	1	1	0	0	1	0	0	0	1	0	0	0	0	1	0	2
DEMO057	0	1	0	1	0	0	1	0	0	0	0	1	1	1	0	0	2	0	0	1
DEMO058	0	0	0	0	0	1	0	0	0	0	2	0	1	1	0	0	0	0	0	1
DEMO059	0	0	0	0	1	1	1	0	0	1	0	1	0	1	0	1	0	0	0	1
DEMO060	0	1	1	1	2	0	1	0	0	1	2	2	0	1	1	0	0	1	1	1

